0 42 
1 50 
2 93 
3 69 
4 94 
5 169 
6 113 
7 70 
8 35 
9 38 
10 47 
11 74 
12 56 
13 178 
14 78 
15 50 
16 74 
17 109 
18 54 
19 70 
20 72 
21 136 
22 13 
23 79 
24 38 
25 33 
26 33 
27 61 
28 103 
29 56 
30 66 
31 48 
32 33 
33 28 
34 29 
35 57 
36 43 
37 35 
38 45 
39 34 
40 58 
41 89 
42 73 
43 12 
44 104 
45 46 
46 71 
47 49 
48 57 
49 13 
50 15 
51 67 
52 24 
53 40 
54 49 
55 41 
56 46 
57 65 
58 124 
59 51 
60 53 
61 69 
62 214 
63 123 
64 168 
65 89 
66 34 
67 9 
68 46 
69 62 
70 18 
71 16 
72 8 
73 29 
74 91 
75 20 
76 22 
77 25 
78 23 
79 42 
80 70 
81 111 
82 231 
83 139 
84 130 
85 37 
86 216 
87 137 
88 31 
89 69 
90 27 
91 29 
92 42 
93 85 
94 42 
95 46 
96 118 
97 23 
98 23 
99 27 
100 39 
101 27 
102 21 
103 50 
104 31 
105 144 
106 140 
107 219 
108 41 
109 5 
110 9 
111 8 
112 19 
113 85 
114 140 
115 129 
116 81 
117 18 
118 30 
119 14 
120 17 
121 232 
122 25 
123 34 
124 42 
125 27 
126 33 
127 28 
128 144 
129 162 
130 35 
131 58 
132 61 
133 106 
134 23 
135 36 
136 27 
137 83 
138 32 
139 38 
140 39 
141 81 
142 139 
143 49 
144 13 
145 69 
146 28 
147 50 
148 18 
149 28 
150 37 
151 44 
152 69 
153 52 
154 52 
155 78 
156 23 
157 77 
158 47 
159 36 
160 345 
161 41 
162 64 
163 52 
164 46 
165 117 
166 175 
167 68 
168 75 
169 117 
170 96 
171 43 
172 90 
173 81 
174 71 
175 11 
176 33 
177 52 
178 34 
179 53 
180 81 
181 59 
182 45 
183 171 
185 22 
186 29 
187 54 
188 41 
189 74 
190 34 
191 60 
192 21 
193 26 
194 44 
195 35 
196 33 
197 35 
198 36 
199 49 
200 34 
201 55 
202 7 
203 39 
204 35 
205 31 
206 59 
207 28 
209 83 
210 84 
211 152 
212 119 
208 51 
213 46 
214 51 
215 90 
216 27 
217 24 
218 66 
219 18 
220 16 
221 61 
222 70 
223 56 
224 13 
225 28 
226 63 
227 18 
228 22 
229 31 
230 21 
231 62 
232 89 
233 64 
234 49 
235 24 
236 50 
237 29 
238 43 
239 11 
240 20 
241 21 
242 32 
243 51 
244 26 
245 51 
246 17 
247 17 
248 26 
249 166 
250 33 
251 36 
252 119 
253 42 
254 82 
255 63 
256 127 
257 19 
258 57 
259 29 
260 21 
261 48 
264 36 
265 37 
266 31 
267 18 
268 37 
269 82 
270 15 
271 68 
272 47 
273 29 
274 23 
275 34 
276 9 
278 54 
279 8 
280 120 
282 137 
283 140 
284 42 
285 87 
286 44 
287 22 
288 38 
289 8 
290 81 
291 27 
292 36 
293 20 
294 23 
295 83 
296 71 
297 19 
298 16 
299 23 
281 59 
300 74 
301 129 
302 22 
303 101 
304 29 
305 60 
306 48 
307 22 
308 39 
309 44 
310 31 
311 36 
312 29 
313 17 
314 50 
315 8 
316 45 
317 24 
318 59 
319 10 
320 48 
321 55 
322 26 
323 34 
324 19 
325 27 
326 40 
327 31 
328 19 
329 96 
330 9 
331 24 
332 28 
333 133 
334 19 
335 24 
336 35 
337 38 
338 61 
339 58 
340 105 
341 13 
342 72 
277 21 
262 26 
343 20 
344 17 
345 26 
346 27 
347 24 
348 4 
349 22 
350 23 
351 60 
352 26 
353 41 
354 10 
355 52 
356 49 
357 45 
358 53 
359 32 
360 28 
361 48 
184 78 
362 68 
363 57 
364 9 
365 90 
263 62 
366 104 
367 82 
368 45 
369 8 
370 36 
371 86 
372 29 
373 44 
374 20 
375 65 
376 49 
377 137 
378 24 
379 52 
380 40 
381 33 
382 5 
383 5 
384 16 
385 22 
386 8 
387 39 
388 27 
389 43 
390 45 
391 19 
392 20 
393 82 
394 32 
395 40 
396 14 
397 36 
398 4 
399 18 
400 37 
401 49 
402 8 
403 18 
404 82 
405 122 
406 28 
407 27 
410 11 
411 104 
412 68 
413 28 
414 10 
415 4 
416 3 
417 63 
418 30 
419 99 
420 138 
421 50 
422 45 
423 39 
424 132 
425 35 
426 58 
427 55 
428 27 
429 32 
430 52 
431 23 
432 7 
433 23 
434 183 
435 14 
436 3 
437 39 
438 82 
439 3 
440 69 
441 55 
442 26 
443 53 
444 31 
445 29 
446 25 
447 30 
448 39 
449 1 
450 72 
451 13 
452 40 
453 32 
454 9 
455 62 
457 27 
458 47 
459 73 
460 52 
461 24 
462 30 
463 1 
464 47 
465 15 
466 51 
467 24 
468 21 
469 17 
470 24 
471 14 
472 7 
473 108 
474 80 
475 2 
476 8 
477 11 
478 40 
479 4 
480 44 
481 44 
482 45 
483 44 
408 54 
484 20 
485 28 
486 72 
487 15 
488 11 
490 41 
491 19 
492 30 
493 86 
494 114 
495 78 
496 23 
497 17 
498 86 
499 49 
500 21 
501 14 
502 23 
503 12 
504 42 
505 13 
506 61 
507 5 
508 34 
509 53 
510 20 
511 22 
512 4 
513 54 
515 43 
516 13 
517 12 
514 10 
518 71 
520 53 
521 16 
522 3 
523 19 
524 1 
525 43 
526 61 
527 17 
528 10 
489 35 
529 35 
530 10 
531 51 
532 19 
533 157 
534 5 
535 10 
536 14 
537 44 
538 9 
539 8 
540 9 
541 20 
542 18 
543 41 
544 28 
545 25 
546 99 
547 28 
548 36 
549 79 
550 27 
551 20 
552 41 
553 8 
554 11 
555 16 
556 8 
557 18 
558 12 
559 8 
560 55 
561 1 
563 19 
564 32 
565 12 
566 22 
567 4 
568 28 
569 39 
570 19 
571 20 
572 24 
573 19 
574 4 
575 11 
576 19 
577 13 
578 1 
579 20 
581 30 
582 16 
583 1 
584 4 
586 25 
587 14 
588 22 
589 24 
590 27 
591 8 
592 33 
593 42 
594 6 
562 30 
595 1 
596 5 
597 16 
598 7 
599 14 
600 11 
601 38 
602 24 
603 1 
604 8 
605 4 
409 84 
606 1 
607 33 
608 28 
609 4 
610 16 
611 26 
612 54 
613 11 
614 4 
615 60 
616 6 
617 6 
618 13 
619 8 
621 17 
622 1 
585 11 
624 11 
625 6 
626 1 
627 14 
628 6 
629 4 
634 1 
635 11 
638 24 
639 5 
640 17 
641 18 
642 19 
643 13 
644 15 
649 10 
650 1 
651 17 
652 7 
654 38 
637 3 
655 30 
656 11 
657 1 
631 2 
661 43 
662 18 
663 18 
664 11 
665 27 
666 22 
667 30 
668 1 
671 30 
672 13 
673 1 
620 2 
674 18 
676 4 
677 2 
678 14 
679 18 
680 1 
681 22 
682 3 
685 46 
686 10 
687 7 
688 1 
689 2 
690 20 
692 2 
693 5 
694 9 
696 9 
695 27 
697 6 
699 24 
700 30 
698 27 
669 6 
701 1 
702 2 
706 12 
707 40 
708 18 
709 3 
710 18 
712 4 
713 3 
714 23 
715 5 
717 9 
718 6 
719 13 
683 8 
720 23 
721 5 
722 4 
723 12 
630 2 
724 2 
725 13 
726 18 
727 4 
728 16 
729 8 
730 12 
733 13 
734 14 
735 7 
737 1 
738 34 
739 6 
740 4 
741 5 
742 3 
743 3 
745 7 
647 12 
747 39 
645 5 
748 32 
749 5 
632 3 
750 1 
751 7 
752 5 
753 19 
754 28 
755 1 
756 24 
757 3 
758 13 
623 10 
759 2 
760 4 
761 1 
762 1 
764 9 
765 20 
766 3 
767 6 
768 15 
769 3 
770 1 
771 8 
774 1 
775 1 
776 28 
777 19 
778 5 
779 3 
780 1 
781 3 
782 3 
783 8 
784 1 
785 4 
786 9 
787 1 
788 1 
789 11 
790 1 
791 6 
792 1 
659 1 
793 5 
794 2 
795 1 
796 4 
797 5 
799 7 
800 6 
801 2 
802 5 
803 18 
804 12 
805 4 
773 1 
806 5 
807 6 
809 47 
810 17 
811 8 
636 1 
704 1 
812 60 
813 24 
814 5 
815 17 
456 2 
816 21 
817 5 
818 13 
819 5 
820 128 
821 2 
822 20 
823 23 
824 1 
825 4 
826 25 
827 1 
828 29 
829 4 
830 1 
831 1 
832 25 
833 7 
834 1 
835 7 
836 4 
837 1 
838 2 
839 2 
840 16 
842 2 
705 7 
843 2 
844 3 
845 30 
846 1 
847 27 
841 7 
848 3 
849 6 
850 2 
736 5 
851 14 
852 4 
853 1 
854 7 
519 21 
855 5 
856 66 
857 4 
858 1 
859 72 
860 22 
646 3 
861 1 
862 1 
863 1 
864 1 
865 9 
866 3 
867 4 
868 2 
869 6 
870 3 
871 1 
872 13 
873 2 
874 3 
875 1 
876 1 
877 9 
878 4 
879 1 
880 30 
881 1 
882 2 
883 10 
884 1 
885 5 
886 11 
887 3 
888 1 
889 4 
890 1 
891 2 
892 21 
893 2 
894 1 
895 3 
896 30 
897 1 
898 2 
899 1 
900 25 
901 1 
902 1 
903 3 
904 1 
905 8 
906 5 
907 12 
908 26 
909 8 
910 1 
911 3 
912 5 
913 21 
914 21 
915 1 
916 1 
917 27 
918 26 
919 11 
920 2 
921 11 
922 23 
924 11 
925 17 
923 4 
926 13 
927 11 
928 1 
929 12 
930 14 
931 15 
932 97 
716 1 
933 16 
934 4 
935 5 
936 25 
937 7 
938 1 
939 3 
940 2 
941 1 
942 2 
943 1 
944 1 
945 3 
946 1 
947 8 
948 1 
949 23 
950 45 
951 9 
952 6 
953 16 
954 7 
955 7 
956 15 
957 10 
958 3 
959 1 
960 1 
961 1 
962 2 
963 40 
964 5 
965 1 
966 2 
967 5 
968 2 
969 2 
970 6 
971 95 
972 2 
973 1 
974 7 
975 1 
976 25 
977 2 
978 5 
979 5 
980 10 
981 25 
982 1 
983 3 
984 3 
985 1 
986 3 
987 12 
988 2 
989 2 
990 20 
991 4 
992 1 
993 1 
994 1 
995 1 
996 1 
997 3 
763 1 
998 1 
999 1 
1000 6 
1001 10 
1002 1 
1003 1 
1004 1 
